30
2
 0 80 136 110 123 38 19 101 85 155 227 169 108 175 53 68 42 87 12 110 132 79 63 55 82 98 27 126 82 184 
80  0 67 31 165 85 82 52 54 98 200 98 86 103 40 146 65 65 79 46 62 45 103 45 28 128 77 202 53 111 
136 67  0 60 233 151 144 108 117 133 150 32 147 39 83 192 131 67 130 26  6 60 129 113 53 195 121 262 117 49 
110 31 60  0 182 110 110 49 61 78 207 84 88 87 70 177 88 86 110 50 54 68 132 67 49 143 108 229 61 92 
123 165 233 182  0 89 104 139 122 170 348 264 108 268 164 145 103 205 135 210 228 191 184 120 185 39 150 103 121 274 
38 85 151 110 89  0 18 84 65 135 259 183 78 188 75 92 21 116 50 126 146 103 101 43 99 60 64 119 63 196 
19 82 144 110 104 18  0 92 74 146 244 177 93 183 64 78 29 102 31 118 140 92 82 48 91 79 46 119 72 191 
101 52 108 49 139 84 92  0 19 54 252 134 38 136 85 169 64 117 106 94 102 97 145 45 81 99 111 202 21 140 
85 54 117 61 122 65 74 19  0 71 254 145 32 148 78 152 45 115 91 99 111 96 134 29 81 82 98 182  2 154 
155 98 133 78 170 135 146 54 71  0 283 148 64 148 136 223 117 162 161 128 127 143 198 99 124 133 165 248 73 148 
227 200 150 207 348 259 244 252 254 283  0 144 287 149 185 245 248 144 216 158 156 161 175 238 173 317 201 336 253 155 
169 98 32 84 264 183 177 134 145 148 144  0 172  8 116 223 163 95 163 58 36 92 158 144 86 225 153 295 145 19 
108 86 147 88 108 78 93 38 32 64 287 172  0 175 110 171 65 148 116 131 141 129 163 58 114 69 125 185 34 179 
175 103 39 87 268 188 183 136 148 148 149  8 175  0 122 231 168 103 169 65 42 99 166 148 92 230 160 301 148 11 
53 40 83 70 164 75 64 85 78 136 185 116 110 122  0 111 62 41 47 57 80 27 62 54 30 132 39 179 76 132 
68 146 192 177 145 92 78 169 152 223 245 223 171 231 111  0 107 130 67 166 190 131 72 123 141 138 71 92 150 241 
42 65 131 88 103 21 29 64 45 117 248 163 65 168 62 107  0 103 51 107 126 88 101 21 81 69 62 141 43 176 
87 65 67 86 205 116 102 117 115 162 144 95 148 103 41 130 103  0 78 46 67 19 62 94 37 173 65 210 113 114 
12 79 130 110 135 50 31 106 91 161 216 163 116 169 47 67 51 78  0 104 127 72 51 61 77 110 15 133 89 179 
110 46 26 50 210 126 118 94 99 128 158 58 131 65 57 166 107 46 104  0 23 35 106 90 27 174 95 236 98 75 
132 62  6 54 228 146 140 102 111 127 156 36 141 42 80 190 126 67 127 23  0 58 128 107 50 190 119 258 111 51 
79 45 60 68 191 103 92 97 96 143 161 92 129 99 27 131 88 19 72 35 58  0 71 77 18 158 61 205 94 109 
63 103 129 132 184 101 82 145 134 198 175 158 163 166 62 72 101 62 51 106 128 71  0 105 86 162 38 161 132 177 
55 45 113 67 120 43 48 45 29 99 238 144 58 148 54 123 21 94 61 90 107 77 105  0 66 83 68 163 27 155 
82 28 53 49 185 99 91 81 81 124 173 86 114 92 30 141 81 37 77 27 50 18 86 66  0 149 69 208 80 102 
98 128 195 143 39 60 79 99 82 133 317 225 69 230 132 138 69 173 110 174 190 158 162 83 149  0 124 123 82 236 
27 77 121 108 150 64 46 111 98 165 201 153 125 160 39 71 62 65 15 95 119 61 38 68 69 124  0 145 96 170 
126 202 262 229 103 119 119 202 182 248 336 295 185 301 179 92 141 210 133 236 258 205 161 163 208 123 145  0 180 310 
82 53 117 61 121 63 72 21  2 73 253 145 34 148 76 150 43 113 89 98 111 94 132 27 80 82 96 180  0 154 
184 111 49 92 274 196 191 140 154 148 155 19 179 11 132 241 176 114 179 75 51 109 177 155 102 236 170 310 154  0 

 0  0  7 578  4  3  0 30 652  0  5  1  0 660  0  0  0  0  3  0 364  1  1 35  0  0  0  0 15 161 
 0  0 48 162 646  0 56 136  0  2  2 725 209 290  3  1  9 41  1  0  2 56 14 789 80 10 67 25 82  8 
 7 48  0 131  1  1  0 518  4 26 18 69  0  0  2  0  0  1 77 43  1 440 281 33  4  0 89  6 369 870 
578 162 131  0 600 37  0  0 899 664 166  0 111  3  3 116 442 59 220  1  0  0  0 89 270  5  1 92 14 416 
 4 646  1 600  0  7 49 21  9  0  0  0 67 154 16  2  4  5  1 208 524  0 26  0  1  0  0 50  0 43 
 3  0  1 37  7  0  1 19  0  0 12  4  0  0  7  0  0  0  0 51 282  2  6 21  3 116  9  4  0 128 
 0 56  0  0 49  1  0 124  0 10  0 410 34  0 15 27 11  4  8  1 11 840  9 10  0  0 26 435  0 345 
30 136 518  0 21 19 124  0  0 940  0  0 503  1  0  2  4 14 12  9  2  0 92 61 46 10 127 81  9 224 
652  0  4 899  9  0  0  0  0 58  0 47 60  1 296  1 23 173  1  0  0  0 298  4 40 15 256 10 11 770 
 0  2 26 664  0  0 10 940 58  0  0  4  0  0  1 40 242  1 11 371 63  2  3  0 317 38 645  0 437 576 
 5  2 18 166  0 12  0  0  0  0  0 318  0  3  0  0 295  1 39 103 19 25 29  0 436  5  2 62  5 566 
 1 725 69  0  0  4 410  0 47  4 318  0  8  0 191  0  0 53  1 147  1  0 19  2  6  3  0 124 230  0 
 0 209  0 111 67  0 34 503 60  0  0  8  0 260  0 15  1  0  0 10  4  1  0  1  0  0  0  8 130 107 
660 290  0  3 154  0  0  1  1  0  3  0 260  0 24 78  7  0  0  1 14  5  9  1 663 249 280  8  1  2 
 0  3  2  3 16  7 15  0 296  1  0 191  0 24  0  3  2  0 151 20  0 54 207  3  0  0 127  0 970  3 
 0  1  0 116  2  0 27  2  1 40  0  0 15 78  3  0 684  0 70  4  1 51  6  0 49  0  3 88 301  0 
 0  9  0 442  4  0 11  4 23 242 295  0  1  7  2 684  0 142  1 123 23 67  0 643  0 33 37 454 54  4 
 0 41  1 59  5  0  4 14 173  1  1 53  0  0  0  0 142  0 120 802  0  0  0 23  1 476  1  1 154  0 
 3  1 77 220  1  0  8 12  1 11 39  1  0  0 151 70  1 120  0 19  5 85  1 537 456  0  4 20  0  1 
 0  0 43  1 208 51  1  9  0 371 103 147 10  1 20  4 123 802 19  0 214  0  5 87  1 211  0 65  7 12 
364  2  1  0 524 282 11  2  0 63 19  1  4 14  0  1 23  0  5 214  0 63  0 297 23 482  0  7 230 24 
 1 56 440  0  0  2 840  0  0  2 25  0  1  5 54 51 67  0 85  0 63  0  0  4 36  1  6  1  3 34 
 1 14 281  0 26  6  9 92 298  3 29 19  0  9 207  6  0  0  1  5  0  0  0 337 13 15  3 15 13 750 
35 789 33 89  0 21 10 61  4  0  0  2  1  1  3  0 643 23 537 87 297  4 337  0 677  0 740 41  0 366 
 0 80  4 270  1  3  0 46 40 317 436  6  0 663  0 49  0  1 456  1 23 36 13 677  0  3  0  3  2  1 
 0 10  0  5  0 116  0 10 15 38  5  3  0 249  0  0 33 476  0 211 482  1 15  0  3  0  0 14  0 337 
 0 67 89  1  0  9 26 127 256 645  2  0  0 280 127  3 37  1  4  0  0  6  3 740  0  0  0  0  0  5 
 0 25  6 92 50  4 435 81 10  0 62 124  8  8  0 88 454  1 20 65  7  1 15 41  3 14  0  0 19 49 
15 82 369 14  0  0  0  9 11 437  5 230 130  1 970 301 54 154  0  7 230  3 13  0  2  0  0 19  0 227 
161  8 870 416 43 128 345 224 770 576 566  0 107  2  3  0  4  0  1 12 24 34 750 366  1 337  5 49 227  0 

 0  0 55 595  0 18  1 14 55  1  6  1 49 183  1  2  0  7 18 17 75  0 10  7 10  0  0 35 169 498 
 0  0  1 362 52  1 69 563  1  3 13 249 422 43  5  2  0 314  1 17  0 585  2 141 722 135 108  1 68  2 
55  1  0 63  7  5  0 516  8  1  0 11  0  0  2  0  0  0 119 65  1  8 946 24  1  1  1  3 126 283 
595 362 63  0 82  0  0  0 522 116 11  2 35  5  3  4 17 62 77  0  0  0  0  1  1  2  0 67 21 552 
 0 52  7 82  0 522 48  1  0 11  0  1 61 214 371 89  0 515  2 212 148  0 298  4  1  1  2 696  0 28 
18  1  5  0 522  0  0  6  0  0  2  3  0  5 176  2  1  1  0 60 376  2  1 79  1 25  5  0  0 65 
 1 69  0  0 48  0  0 18  0 45  7 653 38  0 25 26 10  2  2  9 159 22  1  5  1  0 38  3 13 752 
14 563 516  0  1  6 18  0  1 417  0  0 227  1  0  5  7  2  5  3  0  1 198 947 252  3 142 136 15 828 
55  1  8 522  0  0  0  1  0 28  8  1 769 78 628  8  0 44  7  0 13  0 48  0  2 278 23  7  8 65 
 1  3  1 116 11  0 45 417 28  0  0  7  0  0  1 667 422  0  4 828 11 32  2  0 630 13  7  4 568 19 
 6 13  0 11  0  2  7  0  8  0  0 22  0  1 11  1 603  4 30 459  1  3  2  2 37  1  2 504 54 881 
 1 249 11  2  1  3 653  0  1  7 22  0 74  1 682  0  2  2  1 376  5  0  8  1  5  5  1  1 295  0 
49 422  0 35 61  0 38 227 769  0  0 74  0 226  0  0  0  0  0  0  3  0  0  1  0  0  6  0 732 25 
183 43  0  5 214  5  0  1 78  0  1  1 226  0  2 74  0  0 13  1  5  3  2  0 59 152 12 21  0  0 
 1  5  2  3 371 176 25  0 628  1 11 682  0  2  0  0 26  2  3 21  7 18  9  9  0  1 102  1 440  0 
 2  2  0  4 89  2 26  5  8 667  1  0  0 74  0  0 985  3 28 52  1  1  0 10  1  0  1 546 70 11 
 0  0  0 17  0  1 10  7  0 422 603  2  0  0 26 985  0 733 10 37 81  3  0 161  3 246 30 168  0  0 
 7 314  0 62 515  1  2  2 44  0  4  2  0  0  2  3 733  0 26 157  4  4  3  1  4 35  3 46 33  0 
18  1 119 77  2  0  2  5  7  4 30  1  0 13  3 28 10 26  0 182  2 48  0 35 101 30  1  8  1  2 
17 17 65  0 212 60  9  3  0 828 459 376  0  1 21 52 37 157 182  0 28  0  1 712  0  5  0 13 373  8 
75  0  1  0 148 376 159  0 13 11  1  5  3  5  7  1 81  4  2 28  0 47  2 81 547 218  0  9 24 33 
 0 585  8  0  0  2 22  1  0 32  3  0  0  3 18  1  3  4 48  0 47  0 10  1 24  0  4  0 20  9 
10  2 946  0 298  1  1 198 48  2  2  8  0  2  9  0  0  3  0  1  2 10  0 16  8  6  8  7  7  7 
 7 141 24  1  4 79  5 947  0  0  2  1  1  0  9 10 161  1 35 712 81  1 16  0 126  0 49 27  0 805 
10 722  1  1  1  1  1 252  2 630 37  5  0 59  0  1  3  4 101  0 547 24  8 126  0 10  3 44  2  0 
 0 135  1  2  1 25  0  3 278 13  1  5  0 152  1  0 246 35 30  5 218  0  6  0 10  0  4 46  0 696 
 0 108  1  0  2  5 38 142 23  7  2  1  6 12 102  1 30  3  1  0  0  4  8 49  3  4  0  1  4  0 
35  1  3 67 696  0  3 136  7  4 504  1  0 21  1 546 168 46  8 13  9  0  7 27 44 46  1  0 10 29 
169 68 126 21  0  0 13 15  8 568 54 295 732  0 440 70  0 33  1 373 24 20  7  0  2  0  4 10  0 20 
498  2 283 552 28 65 752 828 65 19 881  0 25  0  0 11  0  0  2  8 33  9  7 805  0 696  0 29 20  0 
