30
2
 0 261 85 101 134 220 179 106 205 252 204 43 262 79 146 82 151 202 67 72 200 31 65 111 253 137 132 237 216 91 
261  0 200 189 159 162 85 359 115 198 169 248 284 190 229 187 207 208 239 231 68 292 207 209 116 139 261 190 249 177 
85 200  0 111 51 135 115 161 123 168 119 105 191 23 76 81 73 121 38 31 152 114 83 34 171 62 83 153 143 29 
101 189 111  0 130 216 124 206 180 257 205 67 299 88 187 30 180 221 130 128 121 125 37 145 224 115 193 242 251 88 
134 159 51 130  0 89 76 211 72 128 76 146 173 57 77 104 59 92 87 79 123 164 114 50 119 24 104 113 125 47 
220 162 135 216 89  0 116 280 50 43 18 236 122 146 102 191 82 52 162 154 165 248 204 113 60 101 140 30 90 137 
179 85 115 124 76 116  0 273 68 160 115 172 230 105 152 112 132 147 154 146 50 210 131 126 104 55 181 147 187 91 
106 359 161 206 211 280 273  0 282 300 262 142 276 168 182 188 199 245 124 132 302 83 171 169 327 223 149 288 241 182 
205 115 123 180 72 50 68 282  0 92 54 212 171 126 122 160 99 92 158 150 115 236 175 114 48 70 158 80 133 114 
252 198 168 257 128 43 160 300 92  0 52 272 91 182 117 232 103 55 189 182 208 278 242 141 85 142 152 15 75 175 
204 169 119 205 76 18 115 262 54 52  0 221 116 131 84 180 63 38 144 136 165 231 191 95 75 90 122 37 79 123 
43 248 105 67 146 236 172 142 212 272 221  0 293 89 177 61 178 226 101 104 182 59 41 138 260 141 169 257 246 99 
262 284 191 299 173 122 230 276 171 91 116 293  0 212 116 270 119 83 195 190 281 281 275 157 175 195 133 95 48 210 
79 190 23 88 57 146 105 168 126 182 131 89 212  0 99 58 93 139 53 48 137 110 62 57 174 58 106 167 164 13 
146 229 76 187 77 102 152 182 122 117 84 177 116 99  0 157 23 62 79 74 201 168 160 42 158 101 37 106 70 100 
82 187 81 30 104 191 112 188 160 232 180 61 270 58 157  0 150 193 101 99 122 110 19 115 206 91 163 217 221 59 
151 207 73 180 59 82 132 199 99 103 63 178 119 93 23 150  0 50 87 80 181 176 156 40 135 83 59 89 71 91 
202 208 121 221 92 52 147 245 92 55 38 226 83 139 62 193 50  0 137 130 198 226 201 90 112 112 97 44 41 134 
67 239 38 130 87 162 154 124 158 189 144 101 195 53 79 101 87 137  0  8 190 89 95 49 204 100 67 175 149 65 
72 231 31 128 79 154 146 132 150 182 136 104 190 48 74 99 80 130  8  0 183 96 95 41 196 92 66 168 144 58 
200 68 152 121 123 165 50 302 115 208 165 182 281 137 201 122 181 198 190 183  0 230 141 170 141 100 226 195 238 125 
31 292 114 125 164 248 210 83 236 278 231 59 281 110 168 110 176 226 89 96 230  0 91 137 284 168 148 264 237 123 
65 207 83 37 114 204 131 171 175 242 191 41 275 62 160 19 156 201 95 95 141 91  0 118 222 105 161 227 227 68 
111 209 34 145 50 113 126 169 114 141 95 138 157 57 42 115 40 90 49 41 170 137 118  0 158 71 56 127 109 58 
253 116 171 224 119 60 104 327 48 85 75 260 175 174 158 206 135 112 204 196 141 284 222 158  0 118 195 80 149 162 
137 139 62 115 24 101 55 223 70 142 90 141 195 58 101 91 83 112 100 92 100 168 105 71 118  0 126 127 148 45 
132 261 83 193 104 140 181 149 158 152 122 169 133 106 37 163 59 97 67 66 226 148 161 56 195 126  0 141 93 112 
237 190 153 242 113 30 147 288 80 15 37 257 95 167 106 217 89 44 175 168 195 264 227 127 80 127 141  0 72 160 
216 249 143 251 125 90 187 241 133 75 79 246 48 164 70 221 71 41 149 144 238 237 227 109 149 148 93 72  0 162 
91 177 29 88 47 137 91 182 114 175 123 99 210 13 100 59 91 134 65 58 125 123 68 58 162 45 112 160 162  0 

 0 101 229 193 323 42  1  1  2 919  9  4 42  6 71  2  8  3 144 548 47 18 26 335  3 18 17 144 195  2 
101  0 160 315 19 24 11 244  2  6  5 49 19  5 29  4  2 126 887 20 181  4 88  1 412 19  6  6 186 218 
229 160  0 196  2  9  6  1  2 28 12  3 78 43 186 96 73 21  1 138 53 55 305 38 115  9  8 943 916 111 
193 315 196  0 223 924 74  2 32 262 109 362  2 605 18 462 33  1  2  7 25 28 97  5 16  2  1 49  1 648 
323 19  2 223  0  2 176 31  2  7  2 334 556  1  1 128  8 20 134 16 121 10 53  3  2  2  5 21 121 10 
42 24  9 924  2  0  3  1  1 266 617  4  2 101 82 171  1 116  4 241 59 873  1 505 21  1 69  5  1 73 
 1 11  6 74 176  3  0  2  4 23  5 21 104 163 91 16  2 120  2  9 489  2 365 109  1  7  1  2  1 22 
 1 244  1  2 31  1  2  0 93 213 103  3 198 732  1  1 62 23 64  3 121  3  2 13 136  2  4 238 20  3 
 2  2  2 32  2  1  4 93  0 33 368 22 20  4 28 129  8  2 429 188 129 12 305 359  2 23  3  1 15  2 
919  6 28 262  7 266 23 213 33  0 518  3  1  7 16 527 107 433 10 481  2 17  2 65 138 13  3 70 10 55 
 9  5 12 109  2 617  5 103 368 518  0 36  1 25 545 196 603  2 48 128 21 431 703  2 234 60 12 459  8 19 
 4 49  3 362 334  4 21  3 22  3 36  0  4 86  2 64 55 40 112 108 209 36  1  7 383 98 141 132 122 41 
42 19 78  2 556  2 104 198 20  1  1  4  0 310 57  7 502 147 199 25  3  1 166  5 153  3 69 19 16  3 
 6  5 43 605  1 101 163 732  4  7 25 86 310  0  3  1  8 17 230 19 32  2  4 11 321  2  5  3  2 155 
71 29 186 18  1 82 91  1 28 16 545  2 57  3  0  6 116 100  1 517 417 438  2 30  8 586 217  3 350 10 
 2  4 96 462 128 171 16  1 129 527 196 64  7  1  6  0  8 63 24 13 585  4  1  3 15  2 443 245 107 448 
 8  2 73 33  8  1  2 62  8 107 603 55 502  8 116  8  0 14  5 17 41 748 92 81 18  6 32 961  2 200 
 3 126 21  1 20 116 120 23  2 433  2 40 147 17 100 63 14  0  4 51  6 860  1 461 27  1  4 43 657 86 
144 887  1  2 134  4  2 64 429 10 48 112 199 230  1 24  5  4  0 187  4 11  8 886 149  2 163 148  4  1 
548 20 138  7 16 241  9  3 188 481 128 108 25 19 517 13 17 51 187  0 689 35  2 297 442 432 287 13 139  1 
47 181 53 25 121 59 489 121 129  2 21 209  3 32 417 585 41  6  4 689  0 294  2 12  3 11  9 38  1 16 
18  4 55 28 10 873  2  3 12 17 431 36  1  2 438  4 748 860 11 35 294  0 50 94 62  8  1 32 798 818 
26 88 305 97 53  1 365  2 305  2 703  1 166  4  2  1 92  1  8  2  2 50  0  4  1 196 16 28  2 31 
335  1 38  5  3 505 109 13 359 65  2  7  5 11 30  3 81 461 886 297 12 94  4  0  4 169 78 805  2 355 
 3 412 115 16  2 21  1 136  2 138 234 383 153 321  8 15 18 27 149 442  3 62  1  4  0  2 15 200  1  1 
18 19  9  2  2  1  7  2 23 13 60 98  3  2 586  2  6  1  2 432 11  8 196 169  2  0  6  1 570 849 
17  6  8  1  5 69  1  4  3  3 12 141 69  5 217 443 32  4 163 287  9  1 16 78 15  6  0  1 276  6 
144  6 943 49 21  5  2 238  1 70 459 132 19  3  3 245 961 43 148 13 38 32 28 805 200  1  1  0  5 18 
195 186 916  1 121  1  1 20 15 10  8 122 16  2 350 107  2 657  4 139  1 798  2  2  1 570 276  5  0  4 
 2 218 111 648 10 73 22  3  2 55 19 41  3 155 10 448 200 86  1  1 16 818 31 355  1 849  6 18  4  0 

 0 57 594 25 19 412  1 818 878  1 45  2 187 230 580 37  1  2 16 43 60 140 21 220 11 37 112 405 16  4 
57  0  1  1 439  4 122 270 21 10  9 13  6 10 82 15 43 59  3 460 161 18 18  7 38  2  1  5  2 14 
594  1  0 509  1  6 15 55 11 59  5  9  7 63  4 224 75 49  1  1 78 29 11 175 100  1 17 381 14 125 
25  1 509  0 391 104  3 12 18  2 135 626  7 545  7 165 15 52  5  1  1 32 492 137 10 21 96 65  1  7 
19 439  1 391  0 77 92  8  8 138  8  1  1 29 11 163 79 72 30 103  2 916 359  7 44 604 38 28  1  6 
412  4  6 104 77  0 533 259  6 46 191  2 492  3 50  3 68  1 107  2 41  8  1  2 37 59 172 11 125 54 
 1 122 15  3 92 533  0  2 108 727 29  4 15 22 366  5 839  2 737 68 34 80 280 175 713 92 979  1 116  4 
818 270 55 12  8 259  2  0  2  5 924 155 305  1 961 28 124  1 85 999 22 181  2 85  4  8 33 251 249 341 
878 21 11 18  8  6 108  2  0  4 34 83 10 164 51 754  4  1  3 10 16 155  2 692 46 16 13  2 14 24 
 1 10 59  2 138 46 727  5  4  0 15  2 19 131 13 810  2  8 84  1  1 27 13 323 14 14  2 163 164  1 
45  9  5 135  8 191 29 924 34 15  0 129  1  8  9  7 321 15  1 26  1  1 104 164 24  4  6 257  3  5 
 2 13  9 626  1  2  4 155 83  2 129  0 227  8 36  2  8 135 251 105 19  3  1 133 20 104 796 381  4 54 
187  6  7  7  1 492 15 305 10 19  1 227  0 23 27 311 18  2  2 13  2 322 17 351 72 251 24 14  4 76 
230 10 63 545 29  3 22  1 164 131  8  8 23  0 108 35 131  2 195 145  3  1 531 22 14 355 61  1  3  6 
580 82  4  7 11 50 366 961 51 13  9 36 27 108  0 10 12 317 184 671 103  2  2 428 16  1 219 790 55  3 
37 15 224 165 163  3  5 28 754 810  7  2 311 35 10  0 643 200 214 240 643  1 511  2  4 466 25 33  4  1 
 1 43 75 15 79 68 839 124  4  2 321  8 18 131 12 643  0  2  5 54  6 194 13  1 11 217 11  2 201  3 
 2 59 49 52 72  1  2  1  1  8 15 135  2  2 317 200  2  0 44 656 121  1  9  4  1  6 175 20  1 136 
16  3  1  5 30 107 737 85  3 84  1 251  2 195 184 214  5 44  0  1 80 24 13  1 227  3  7 29  8 587 
43 460  1  1 103  2 68 999 10  1 26 105 13 145 671 240 54 656  1  0 732 40 24  3  2  2  1 95  1 110 
60 161 78  1  2 41 34 22 16  1  1 19  2  3 103 643  6 121 80 732  0  1  9 24 100  1  2 43  3  1 
140 18 29 32 916  8 80 181 155 27  1  3 322  1  2  1 194  1 24 40  1  0 463 111 59 206  1  1  1 76 
21 18 11 492 359  1 280  2  2 13 104  1 17 531  2 511 13  9 13 24  9 463  0  7  7  1 161  2 50  5 
220  7 175 137  7  2 175 85 692 323 164 133 351 22 428  2  1  4  1  3 24 111  7  0  1 38 227 29 16  4 
11 38 100 10 44 37 713  4 46 14 24 20 72 14 16  4 11  1 227  2 100 59  7  1  0 362 19 10 13 10 
37  2  1 21 604 59 92  8 16 14  4 104 251 355  1 466 217  6  3  2  1 206  1 38 362  0  1 33  8 65 
112  1 17 96 38 172 979 33 13  2  6 796 24 61 219 25 11 175  7  1  2  1 161 227 19  1  0 207 657 18 
405  5 381 65 28 11  1 251  2 163 257 381 14  1 790 33  2 20 29 95 43  1  2 29 10 33 207  0 12 590 
16  2 14  1  1 125 116 249 14 164  3  4  4  3 55  4 201  1  8  1  3  1 50 16 13  8 657 12  0  7 
 4 14 125  7  6 54  4 341 24  1  5 54 76  6  3  1  3 136 587 110  1 76  5  4 10 65 18 590  7  0 
