30
2
 0 716 1055 611 1118 1069 717 548 965 939 1280 453 1039 675 350 942 926 918 1510 679 811 998 1316 1431 1338 1287 1623 1572 754 1175 
716  0 545 1074 480 876 421 188 381 475 713 586 640 1112 369 265 275 398 910 294 462 282 737 736 975 1078 920 1075 338 459 
1055 545  0 1117 840 479 965 576 174 117 228 1098 164 1124 744 343 704 153 463 381 263 484 268 892 445 617 730 542 302 544 
611 1074 1117  0 1550 857 1256 889 1123 1011 1333 1052 1014 67 764 1193 1343 1042 1561 862 864 1310 1376 1799 1189 1020 1827 1503 897 1474 
1118 480 840 1550  0 1277 483 660 674 828 897 809 987 1590 807 504 206 742 1002 752 881 355 899 347 1279 1449 774 1258 769 359 
1069 876 479 857 1277  0 1273 800 612 451 606 1291 315 836 878 775 1109 536 789 593 413 927 644 1369 333 223 1174 659 537 1016 
717 421 965 1256 483 1273  0 479 796 895 1118 333 1059 1310 502 654 370 819 1294 681 866 587 1137 830 1395 1485 1196 1486 743 718 
548 188 576 889 660 800 479  0 444 477 780 525 625 929 198 395 454 423 999 217 405 457 812 924 962 1017 1075 1118 294 634 
965 381 174 1123 674 612 796 444  0 162 338 951 312 1139 631 171 530 87 554 292 272 319 367 766 619 775 706 694 231 410 
939 475 117 1011 828 451 895 477 162  0 345 1002 167 1020 635 325 671 86 580 271 148 476 385 927 500 623 823 645 190 572 
1280 713 228 1333 897 606 1118 780 338 345  0 1290 326 1335 960 464 807 363 234 602 490 565 42 859 429 674 570 371 525 551 
453 586 1098 1052 809 1291 333 525 951 1002 1290  0 1149 1113 414 851 664 944 1495 740 924 834 1317 1153 1484 1514 1474 1639 818 992 
1039 640 164 1014 987 315 1059 625 312 167 326 1149  0 1012 763 483 836 251 547 409 232 631 368 1056 338 462 877 534 331 705 
675 1112 1124 67 1590 836 1310 929 1139 1020 1335 1113 1012  0 814 1218 1383 1057 1559 888 875 1339 1377 1831 1170 988 1841 1489 917 1501 
350 369 744 764 807 878 502 198 631 635 960 414 763 814  0 593 604 596 1184 363 531 649 993 1098 1089 1101 1274 1280 444 827 
942 265 343 1193 504 775 654 395 171 325 464 851 483 1218 593  0 361 239 647 331 398 152 483 630 789 946 682 834 308 283 
926 275 704 1343 206 1109 370 454 530 671 807 664 836 1383 604 361  0 585 954 557 702 243 818 506 1150 1294 825 1178 584 348 
918 398 153 1042 742 536 819 423 87 86 363 944 251 1057 596 239 585  0 592 238 186 391 399 850 578 710 784 695 165 495 
1510 910 463 1561 1002 789 1294 999 554 580 234 1495 547 1559 1184 647 954 592  0 831 725 713 195 880 533 804 461 301 756 643 
679 294 381 862 752 593 681 217 292 271 602 740 409 888 363 331 557 238 831  0 188 455 638 948 745 804 988 917 80 613 
811 462 263 864 881 413 866 405 272 148 490 924 232 875 531 398 702 186 725 188  0 546 531 1025 561 619 966 762 124 672 
998 282 484 1310 355 927 587 457 319 476 565 834 631 1339 649 152 243 391 713 455 546  0 575 493 926 1094 644 936 448 177 
1316 737 268 1376 899 644 1137 812 367 385 42 1317 368 1377 993 483 818 399 195 638 531 575  0 844 452 704 535 361 562 548 
1431 736 892 1799 347 1369 830 924 766 927 859 1153 1056 1831 1098 630 506 850 880 948 1025 493 844  0 1284 1502 520 1173 938 355 
1338 975 445 1189 1279 333 1395 962 619 500 429 1484 338 1170 1089 789 1150 578 533 745 561 926 452 1284  0 273 974 335 668 957 
1287 1078 617 1020 1449 223 1485 1017 775 623 674 1514 462 988 1101 946 1294 710 804 804 619 1094 704 1502 273  0 1236 596 742 1159 
1623 920 730 1827 774 1174 1196 1075 706 823 570 1474 877 1841 1274 682 825 784 461 988 966 644 535 520 974 1236  0 758 936 481 
1572 1075 542 1503 1258 659 1486 1118 694 645 371 1639 534 1489 1280 834 1178 695 301 917 762 936 361 1173 335 596 758  0 836 903 
754 338 302 897 769 537 743 294 231 190 525 818 331 917 444 308 584 165 756 80 124 448 562 938 668 742 936 836  0 591 
1175 459 544 1474 359 1016 718 634 410 572 551 992 705 1501 827 283 348 495 643 613 672 177 548 355 957 1159 481 903 591  0 

 0  0  2  0  0  0  0  0  0  0  0  4 13  0 947 41 157  0  0  0 154 49 461 278 861  6  0  0 711 13 
 0  0  2  2  0 226 14  0  0  0 360  0  9 827  1 132  0  0  2 392  0 93  0  0  0  1 178 30 57 28 
 2  2  0 167  0 30 251 11  0  1  0 177 10  0  0  0 31  0 893  0  0  4  2 704  0  0 128  4 74  0 
 0  2 167  0  0  0  0 27  3 12  0 15  0 881 196 36 984 222 297  2  0  0 478  6 213  0 38 12 95  2 
 0  0  0  0  0  5  3  2  0  4  2  0 143  0  5  0  2  7  0  2  0 500  0  7  5  0  0 11 454 874 
 0 226 30  0  5  0  0  0  0 344 164 14  0  0  0  0 797  0  8 159 46  0  0  0  0  1  0  0 23 783 
 0 14 251  0  3  0  0 126  0  0  0  0 27 70 909 16  0 86 503  0 12  5  2 309 63 854  0  0  2  0 
 0  0 11 27  2  0 126  0 113  0  0  0  1  0 22  1  4  0  1  0 843 567 12 747  0 16  8  0  0 141 
 0  0  0  3  0  0  0 113  0 243 40 141  0  4  0 437 48  0 421  1  4  0  0 288  0  5 76 48  0 32 
 0  0  1 12  4 344  0  0 243  0 38 931 293  4  0 458 374  3 875  0  0 301 381 879  1 110 66  1  0 161 
 0 360  0  0  2 164  0  0 40 38  0 22 15  1 25  0 202 112 751 24  6  0  7  0  2  1 136 14 68 14 
 4  0 177 15  0 14  0  0 141 931 22  0  0  0  0 487  0  0  0  0  4  4  0  0 374  0 19 82  0  9 
13  9 10  0 143  0 27  1  0 293 15  0  0  0  0 13 273 217  0 61  0 124  0 248  4  1 11  4 193  0 
 0 827  0 881  0  0 70  0  4  4  1  0  0  0  0  0  0  0 10  0 488 139 383 26  1  1 556  0 12  0 
947  1  0 196  5  0 909 22  0  0 25  0  0  0  0  0  0 46  0  2  0  9  0  0  0  0  0  1 297  0 
41 132  0 36  0  0 16  1 437 458  0 487 13  0  0  0 143  3  0 49  5 156  6 772  0  3  2  0  0  0 
157  0 31 984  2 797  0  4 48 374 202  0 273  0  0 143  0  0 59 852  6 90  0 203  0  0 548  5  0 91 
 0  0  0 222  7  0 86  0  0  3 112  0 217  0 46  3  0  0 15  7  7  0  0  0  2 10 18  1  1 21 
 0  2 893 297  0  8 503  1 421 875 751  0  0 10  0  0 59 15  0  3  0  0 81 12 13  0  0  0  1 72 
 0 392  0  2  2 159  0  0  1  0 24  0 61  0  2 49 852  7  3  0 423 135  0 120  0 11  3  2 52  0 
154  0  0  0  0 46 12 843  4  0  6  4  0 488  0  5  6  7  0 423  0  0  0  0  0  0 845 287  0  0 
49 93  4  0 500  0  5 567  0 301  0  4 124 139  9 156 90  0  0 135  0  0  0  0  3  6 38 105  0 293 
461  0  2 478  0  0  2 12  0 381  7  0  0 383  0  6  0  0 81  0  0  0  0  7 25 10 167 220 824  0 
278  0 704  6  7  0 309 747 288 879  0  0 248 26  0 772 203  0 12 120  0  0  7  0  7 103 44  2 44  0 
861  0  0 213  5  0 63  0  0  1  2 374  4  1  0  0  0  2 13  0  0  3 25  7  0 580 29  0  2  0 
 6  1  0  0  0  1 854 16  5 110  1  0  1  1  0  3  0 10  0 11  0  6 10 103 580  0 53  0  0  1 
 0 178 128 38  0  0  0  8 76 66 136 19 11 556  0  2 548 18  0  3 845 38 167 44 29 53  0  2 115  0 
 0 30  4 12 11  0  0  0 48  1 14 82  4  0  1  0  5  1  0  2 287 105 220  2  0  0  2  0 874  0 
711 57 74 95 454 23  2  0  0  0 68  0 193 12 297  0  0  1  1 52  0  0 824 44  2  0 115 874  0  0 
13 28  0  2 874 783  0 141 32 161 14  9  0  0  0  0 91 21 72  0  0 293  0  0  0  1  0  0  0  0 

 0  0  1 62  9  0  0  1 12 62  0 148 506  0 297  5  1  6  4 237 48  0 990 114  0 39  0  2 433  0 
 0  0  0 10  1  0 30  6  0  1  5 12  2 361 234  0  5  1 905 11  0  0  2 924 118 284 45  0  0 69 
 1  0  0  5  0 54  0  1  8 104  1  0  0 103 42  0 61  0  0 988  1  9 45  0 22 298  4 18  4 15 
62 10  5  0 137 338  0 13 90  0 23 641  0 613  1 277 113  0  2  0  0  0  1  1 122  0  0  0  0 203 
 9  1  0 137  0  0  0  0 23  0  0 42 86  0  8  0  0  8  3 40  5  4 37 699  0 12 31 37  6  2 
 0  0 54 338  0  0 114 40  1  0  0  0 75  0  1  0  0 116  0  0  0  0  3  0  0  2  0 288 290  4 
 0 30  0  0  0 114  0 51  2  0 823  0 840  1  0 30 101  1  0  0  7 111  0 295 882 14  0  0  0 57 
 1  6  1 13  0 40 51  0  1 11  1  0  0 258  0  0 984  5  4  2  1  0  6 67 28 30  0 161 46 33 
12  0  8 90 23  1  2  1  0 130  7  8  0 12 187  0 182 392  0 123  0  0 147  0  0  5  0 10 385 114 
62  1 104  0  0  0  0 11 130  0 32  7  0  0  3 56 568 76 185  0  0  0 48 10 360 14  0 210 20  0 
 0  5  1 23  0  0 823  1  7 32  0 631 16  0  0 14  0 358 56  0  1  0  1 24 951 941  0 461 127  0 
148 12  0 641 42  0  0  0  8  7 631  0  0  0  0 18 574  0  0 90 234  0  0 131  0  1  0  0  0  0 
506  2  0  0 86 75 840  0  0  0 16  0  0 42  0  0 133  1  0  0  0  1  0  9  3 30  0 19 15  2 
 0 361 103 613  0  0  1 258 12  0  0  0 42  0 27  0  2  3  9  0 51  0  7  0  1  0 67  0  7  4 
297 234 42  1  8  1  0  0 187  3  0  0  0 27  0  0  0 78 141  2  0 10  3  0 33 613  0 659 20 402 
 5  0  0 277  0  0 30  0  0 56 14 18  0  0  0  0  0  0 804 386  0 538  0 104 138  0 406  0  1 881 
 1  5 61 113  0  0 101 984 182 568  0 574 133  2  0  0  0  0  1 25  0  0 23  0  6  0  0  0 194 35 
 6  1  0  0  8 116  1  5 392 76 358  0  1  3 78  0  0  0  1 15  0 58 37  0 77 50 193 272  0  0 
 4 905  0  2  3  0  0  4  0 185 56  0  0  9 141 804  1  1  0  0  0 76  0 29  0  0  0  0  0 236 
237 11 988  0 40  0  0  2 123  0  0 90  0  0  2 386 25 15  0  0 407  0  7  0  0  0  0 615  0 704 
48  0  1  0  5  0  7  1  0  0  1 234  0 51  0  0  0  0  0 407  0  0 201  0 37  0  0  0  0 140 
 0  0  9  0  4  0 111  0  0  0  0  0  1  0 10 538  0 58 76  0  0  0 40  4 294  0  0 321 72  0 
990  2 45  1 37  3  0  6 147 48  1  0  0  7  3  0 23 37  0  7 201 40  0 399  1  1  1  1 494 54 
114 924  0  1 699  0 295 67  0 10 24 131  9  0  0 104  0  0 29  0  0  4 399  0 134  0 13  4 941  0 
 0 118 22 122  0  0 882 28  0 360 951  0  3  1 33 138  6 77  0  0 37 294  1 134  0  0  0 143 103  3 
39 284 298  0 12  2 14 30  5 14 941  1 30  0 613  0  0 50  0  0  0  0  1  0  0  0  0  0  1 142 
 0 45  4  0 31  0  0  0  0  0  0  0  0 67  0 406  0 193  0  0  0  0  1 13  0  0  0  0  0  0 
 2  0 18  0 37 288  0 161 10 210 461  0 19  0 659  0  0 272  0 615  0 321  1  4 143  0  0  0  0  1 
433  0  4  0  6 290  0 46 385 20 127  0 15  7 20  1 194  0  0  0  0 72 494 941 103  1  0  0  0 62 
 0 69 15 203  2  4 57 33 114  0  0  0  2  4 402 881 35  0 236 704 140  0 54  0  3 142  0  1 62  0 
