ID PARTICIPANTS
8646 1
8825 1
8826 1
8845 1
8865 1
8885 1
8886 1
8905 1
8925 1
8945 1
8946 1
8947 1
8948 1
8965 1
8985 1
9005 1
9006 3
9007 3
9025 1
9045 1
9065 1
9066 1
9067 1
9085 1
9105 1
9125 1
9126 1
9127 1
9145 2
9165 1
9166 2
9167 1
9168 1
9169 1
9170 1
9171 1
9172 2
9173 1
9185 1
9186 1
9187 1
9188 1
9205 1
9206 1
9207 1
9208 1
9209 1
9225 2
9226 2
9245 2
9246 2
9247 1
9248 1
9249 1
9265 4
9285 1
9305 1
9306 1
9325 1
9345 1
9346 1
9347 3
9365 1
9385 1
9386 1
9387 1
9388 1
9389 1
9405 1
9406 1
9407 1
9425 1
9426 5
9445 1
9446 1
9465 1
9485 2
9489 2
9490 1
9505 1
9506 1
9525 1
9526 1
9527 1
9528 1
9529 1
9545 1
9565 1
9566 1
9567 1
9587 1
9607 1
9608 1
9609 1
9610 1
9611 1
9612 1
9613 1
9614 1
9615 1
9616 1
9617 1
9618 1
9619 1
9620 1
9621 1
9622 1
9623 1
9624 2
9627 1
9647 1
9667 2
9687 1
9688 1
9689 1
9707 1
9727 1
9728 2
9729 2
9730 2
9747 1
9748 1
9749 1
9750 1
9767 1
9787 2
9788 1
9789 1
9790 1
9807 1
9808 1
9827 1
9847 1
9848 1
9867 1
9887 3
9888 1
9889 1
9907 1
9908 1
9909 1
9910 1
9911 1
9912 1
9927 1
9947 1
9967 1
9968 1
9969 1
9970 1
9971 1
9972 1
9973 1
9974 1
9975 1
9976 1
9977 1
9978 2
9979 1
9980 2
9981 2
9982 2
9983 1
9984 1
9985 1
9986 1
9987 1
9988 1
9989 1
9990 1
9991 1
9992 1
9993 1
9994 1
9995 1
9996 1
9997 1
9998 1
9999 4
10000 1
10001 3
10002 1
10007 1
10009 1
10010 1
10011 1
10012 1
10013 1
10014 1
10015 1
10016 1
10017 1
10018 1
10019 1
10020 1
10021 1
10022 2
10023 2
10024 1
10025 1
10026 2
10027 1
10028 1
10029 1
10030 2
10031 1
10032 1
10033 1
10034 1
10035 2
10036 1
10037 2
10038 1
10039 2
10040 1
10041 1
10042 1
10043 1
10044 1
10045 2
10046 4
10047 2
10048 1
10049 2
10050 2
10051 1
10052 2
10053 1
10054 1
10055 2
10056 1
10057 2
10058 2
10059 4
10060 1
10061 2
10062 1
10063 2
10064 2
10067 1
10087 1
10088 4
10089 2
10090 1
10107 4
10127 4
10128 1
10147 2
10167 2
10168 1
10169 1
10170 1
10187 1
10207 1
10227 1
10247 1
10248 1
10249 1
10250 1
10251 1
10252 1
10253 1
10254 1
10255 1
10256 1
10257 1
10258 1
10259 2
10260 1
10261 1
10262 1
10263 1
10264 1
10265 1
10266 2
10267 2
10268 2
10269 1
10270 1
10271 4
10272 1
10273 1
10287 1
10307 1
10308 1
10327 4
10328 1
10329 1
10330 1
10331 1
10332 1
10333 1
10334 1
10335 1
10347 7
10367 1
10387 1
10388 1
10389 1
10407 1
10427 2
10447 1
10467 1
10468 1
10469 1
10470 2
10471 1
10472 4
10487 1
10488 1
10507 1
10508 2
10527 1
10547 1
10567 1
10587 1
10607 1
10627 1
10647 1
10648 1
10667 1
10687 2
10707 1
10727 1
10728 1
10729 1
10747 1
10767 1
10787 1
10807 1
10827 1
10867 1
10887 1
10907 2
10908 1
10909 1
10927 1
